F 1824.839883 1880.660829 3.717551 
E 0.000000 100.000000 100.000000 0.174533 
F 1824.839883 1880.660829 3.717551 
E 0.000000 100.000000 100.000000 0.174533 
F 1824.839883 1880.660829 3.717551 
E 0.000000 100.000000 100.000000 0.174533 
F 1824.839883 1880.660829 3.717551 
E 0.000000 100.000000 100.000000 0.174533 
F 1824.839883 1880.660829 3.717551 
E 0.000000 100.000000 100.000000 0.174533 
F 1824.839883 1880.660829 3.717551 
E 0.000000 100.000000 100.000000 0.174533 
F 1824.839883 1880.660829 3.717551 
E 0.000000 100.000000 100.000000 0.174533 
F 1824.839883 1880.660829 3.717551 
E 0.000000 100.000000 100.000000 0.174533 
F 1824.839883 1880.660829 3.717551 
E 0.000000 100.000000 100.000000 0.174533 
F 1824.839883 1880.660829 3.717551 
E 0.000000 100.000000 100.000000 0.174533 
F 1824.839883 1880.660829 3.717551 
E 0.000000 100.000000 100.000000 0.174533 
F 1824.839883 1880.660829 3.717551 
E 0.000000 100.000000 100.000000 0.174533 
F 1824.839883 1880.660829 3.717551 
E 0.000000 100.000000 100.000000 0.174533 
F 1804.058465 1867.165218 3.717551 
E 0.575959 100.187861 100.098275 0.191633 
F 1766.886069 1843.025182 3.717551 
E -2.565634 100.786580 100.873362 0.238237 
F 1729.210438 1818.699084 -2.567886 
E -2.565179 101.399268 102.763942 0.278175 
F 1691.397536 1794.263968 -2.567886 
E -2.565835 102.009592 106.113434 0.313131 
F 1691.397536 1794.263968 -2.567886 
E -2.565835 102.009592 106.113434 0.313131 
F 1653.877757 1770.018271 -2.567886 
E -2.566378 102.606950 111.116597 0.344095 
F 1616.275577 1745.578789 -2.565634 
E -2.566554 103.208835 117.955471 0.372863 
F 1578.599946 1721.252690 -2.567886 
E -2.566637 103.807230 126.646398 0.399564 
F 1540.997766 1696.813207 -2.565634 
E -2.566681 104.402195 137.139750 0.424589 
F 1540.997766 1696.813207 -2.565634 
E -2.566681 104.402195 137.139750 0.424589 
F 1503.322134 1672.487109 -2.567886 
E -2.566706 104.993789 149.333375 0.448220 
F 1465.719954 1648.047626 -2.565634 
E -2.566722 105.582068 163.100304 0.470665 
F 1465.719954 1648.047626 -2.565634 
E -2.566722 105.582068 163.100304 0.470665 
F 1428.044322 1623.721527 -2.567886 
E -2.566733 106.167088 178.308804 0.492088 
F 1390.442142 1599.282045 -2.565634 
E -2.566740 106.748901 194.834235 0.512616 
F 1352.766511 1574.955946 -2.567886 
E -2.566745 107.327560 212.564625 0.532353 
F 1315.164331 1550.516463 -2.565634 
E -2.566748 107.903116 231.402274 0.551384 
F 1277.488699 1526.190365 -2.567886 
E -2.566751 108.475619 251.263246 0.569780 
F 1277.488699 1526.190365 -2.567886 
E -2.566751 108.475619 251.263246 0.569780 
F 1239.886519 1501.750882 -2.565634 
E -2.566753 109.045116 272.075910 0.587600 
F 1202.210887 1477.424783 -2.567886 
E -2.566754 109.611653 293.779201 0.604896 
F 1164.397986 1452.989667 -2.567886 
E -2.566844 110.176500 316.410146 0.621747 
F 1164.397986 1452.989667 -2.567886 
E -2.566844 110.176500 316.410146 0.621747 
F 1126.878207 1428.743971 -2.567886 
E -2.566923 110.729811 339.655920 0.637902 
F 1089.276027 1404.304488 -2.565634 
E -2.566915 111.287772 363.744795 0.653868 
F 1051.600395 1379.978390 -2.567886 
E -2.566907 111.842950 388.553943 0.669454 
F 1013.787493 1355.543274 -2.567886 
E -2.566973 112.396587 414.154554 0.684718 
F 1013.787493 1355.543274 -2.567886 
E -2.566973 112.396587 414.154554 0.684718 
F 976.267715 1331.297577 -2.567886 
E -2.567032 112.939023 440.219044 0.699420 
F 938.665535 1306.858094 -2.565634 
E -2.567019 113.486122 467.025352 0.714012 
F 900.989903 1282.531996 -2.567886 
E -2.567007 114.030597 494.452459 0.728312 
F 900.989903 1282.531996 -2.567886 
E -2.567007 114.030597 494.452459 0.728312 
F 863.387723 1258.092513 -2.565634 
E -2.566995 114.572484 522.481992 0.742336 
F 825.712092 1233.766415 -2.567886 
E -2.566983 115.111821 551.097300 0.756100 
F 787.899190 1209.331299 -2.567886 
E -2.567031 115.649810 580.397826 0.769648 
F 749.793165 1184.706763 -2.567886 
E -2.567076 116.193625 610.492891 0.783166 
F 749.793165 1184.706763 -2.567886 
E -2.567076 116.193625 610.492891 0.783166 
F 712.190984 1160.267280 -2.565634 
E -2.567062 116.725470 640.787956 0.796225 
F 674.515353 1135.941182 -2.567886 
E -2.567049 117.254903 671.615177 0.809073 
F 636.913173 1111.501699 -2.565634 
E -2.567037 117.781957 702.963550 0.821720 
F 636.913173 1111.501699 -2.565634 
E -2.567037 117.781957 702.963550 0.821720 
F 599.237541 1087.175600 -2.567886 
E -2.567026 118.306663 734.822828 0.834175 
F 561.635361 1062.736118 -2.565634 
E -2.567015 118.829052 767.183430 0.846447 
F 523.959730 1038.410019 -2.567886 
E -2.567004 119.349155 800.036369 0.858544 
F 523.959730 1038.410019 -2.567886 
E -2.567004 119.349155 800.036369 0.858544 
F 486.357549 1013.970536 -2.565634 
E -2.566995 119.867002 833.373194 0.870473 
F 448.681918 989.644438 -2.567886 
E -2.566985 120.382621 867.185934 0.882240 
F 411.468703 964.613114 -2.552124 
E -2.566717 121.042378 901.467559 0.897146 
F 377.464078 935.793039 -2.455305 
E -2.564725 138.912922 936.083513 1.258200 
F 377.464078 935.793039 -2.455305 
E -2.564725 138.912922 936.083513 1.258200 
F 345.934246 903.554975 -2.360737 
E -2.559287 153.451634 972.785688 1.518306 
F 317.797051 868.535463 -2.263918 
E -2.549859 168.050207 1011.901081 1.756535 
F 293.185236 831.166998 -2.169350 
E -2.535475 182.211725 1053.965868 1.950823 
F 272.211979 791.641487 -2.074782 
E -2.515582 198.897682 1099.377748 2.127441 
F 272.211979 791.641487 -2.074782 
E -2.515582 198.897682 1099.377748 2.127441 
F 255.248932 750.420542 -1.977963 
E -2.489965 220.490681 1147.955757 2.303085 
F 242.105103 707.099556 -1.881144 
E -2.457663 248.048558 1200.565635 2.467050 
F 233.481608 663.721759 -1.784324 
E -2.420061 281.369459 1254.949214 2.619650 
F 228.743114 619.056427 -1.692008 
E -2.375801 320.773025 1312.947374 2.743812 
F 228.743114 619.056427 -1.692008 
E -2.375801 320.773025 1312.947374 2.743812 
F 232.601956 573.423669 -1.514131 
E -0.762807 1379.186982 397.647976 3.809474 
F 245.011497 530.378809 -1.322744 
E -0.708862 1448.024057 490.739025 4.869399 
F 264.504218 490.859466 -1.144866 
E -0.630580 1514.371067 602.955355 5.537619 
F 264.504218 490.859466 -1.144866 
E -0.630580 1514.371067 602.955355 5.537619 
F 288.159467 457.105933 -0.994008 
E -0.531170 1574.543474 728.647924 5.863399 
F 317.427953 426.609017 -0.838647 
E -0.404111 1641.174439 871.965816 6.207945 
F 350.261202 401.142756 -0.692292 
E -0.248474 1713.876306 1015.570681 6.470000 
F 350.261202 401.142756 -0.692292 
E -0.248474 1713.876306 1015.570681 6.470000 
F 386.376212 380.934259 -0.543686 
E -0.062769 1801.005880 1150.012959 6.736093 
F 424.186138 365.991915 -0.408589 
E 0.142866 1906.820179 1262.409239 6.916611 
F 465.627837 356.799706 -0.250976 
E 0.355947 2044.480817 1354.060091 7.227094 
F 507.257582 353.891897 -0.102369 
E 0.548816 2200.169571 1418.862879 7.466533 
F 507.257582 353.891897 -0.102369 
E 0.548816 2200.169571 1418.862879 7.466533 
F 548.510488 357.189625 0.046237 
E 0.716230 2369.384113 1463.658507 7.698257 
F 589.126481 366.825773 0.199347 
E 2.434807 1495.184013 2548.041032 7.949535 
F 627.871662 382.327448 0.347953 
E 2.567536 1517.081404 2729.066322 8.167823 
F 627.871662 382.327448 0.347953 
E 2.567536 1517.081404 2729.066322 8.167823 
F 669.076894 399.149893 0.381727 
E 2.693244 1530.293828 2935.112787 8.171124 
F 710.651381 415.965789 0.383979 
E 2.796727 1537.128269 3170.682055 8.172386 
F 752.276335 432.656368 0.381727 
E 2.879852 1539.751788 3431.195541 8.173648 
F 793.409079 449.167749 0.381727 
E 2.946392 1539.906397 3707.559467 8.174873 
F 793.409079 449.167749 0.381727 
E 2.946392 1539.906397 3707.559467 8.174873 
F 834.983566 465.983644 0.383979 
E 3.001809 1538.674563 4001.517988 8.176135 
F 876.726201 482.849077 0.383979 
E 3.048176 1536.683634 4307.936862 8.177399 
F 918.792423 499.845251 0.383979 
E 3.087521 1534.311962 4625.968203 8.178682 
F 960.417377 516.535830 0.381727 
E 3.120591 1531.841877 4947.790916 8.179943 
F 960.417377 516.535830 0.381727 
E 3.120591 1531.841877 4947.790916 8.179943 
F 1001.991864 533.351725 0.383979 
E -3.134073 1529.371113 5275.492741 8.181203 
F 1043.087327 549.955679 0.383979 
E -3.109441 1526.990999 5603.988243 8.182428 
F 1084.829962 566.821113 0.383979 
E -3.087460 1524.682848 5941.699120 8.183691 
F 1084.829962 566.821113 0.383979 
E -3.087460 1524.682848 5941.699120 8.183691 
F 1126.249011 583.555806 0.383979 
E -3.068165 1522.519205 6280.176276 8.184934 
F 1167.991646 600.421240 0.383979 
E -3.050844 1520.473436 6624.187756 8.186196 
F 1209.410695 617.155933 0.383979 
E -3.035441 1518.576259 6967.983646 8.187439 
F 1251.153330 634.021367 0.383979 
E -3.021453 1516.794168 7316.592406 8.188702 
F 1251.153330 634.021367 0.383979 
E -3.021453 1516.794168 7316.592406 8.188702 
F 1292.005434 651.668885 0.404243 
E -3.008453 1515.108338 7662.042531 8.190562 
F 1331.363589 674.038592 0.501063 
E -2.993804 1514.501806 8008.697943 8.238170 
F 1365.683393 703.006920 0.672185 
E -2.975113 1521.972519 8336.832572 8.595854 
F 1365.683393 703.006920 0.672185 
E -2.975113 1521.972519 8336.832572 8.595854 
F 1393.914001 738.234400 0.863572 
E -2.950894 1533.880256 8640.102143 9.115615 
F 1414.488406 774.776068 1.023437 
E -2.923903 1545.008785 8892.741948 9.365801 
F 1429.636490 813.648084 1.167540 
E -2.893955 1565.080458 9115.975795 9.531897 
F 1429.636490 813.648084 1.167540 
E -2.893955 1565.080458 9115.975795 9.531897 
F 1438.765961 853.829071 1.313895 
E -2.862062 1599.281365 9307.303969 9.704397 
F 1442.323410 894.508457 1.451243 
E -2.828568 1650.097289 9466.477592 9.838497 
F 1439.750772 936.160258 1.599850 
E -2.792860 1722.054123 9595.984209 10.015700 
F 1430.216678 972.241164 1.775476 
E -2.759929 1805.278440 9674.923798 10.335845 
F 1430.216678 972.241164 1.775476 
E -2.759929 1805.278440 9674.923798 10.335845 
F 1414.218845 1005.613429 1.960108 
E -2.726542 1907.430894 9708.882376 10.710348 
F 1392.551787 1035.594933 2.140237 
E -2.693072 2030.295347 9696.206969 11.040037 
F 1365.863908 1061.209559 2.320366 
E -2.660320 2172.349409 9637.847999 11.360161 
F 1365.863908 1061.209559 2.320366 
E -2.660320 2172.349409 9637.847999 11.360161 
F 1333.639834 1081.833017 2.516256 
E -2.628222 2335.401306 9530.086724 11.788646 
F 1298.716430 1095.635447 2.707643 
E -2.599784 2505.257529 9378.316566 12.166747 
F 1262.385145 1102.683600 2.892276 
E -2.576088 2673.912284 9189.725033 12.486457 
F 1222.987572 1106.489106 3.013863 
E -2.555909 2849.133866 8959.432877 12.553214 
F 1222.987572 1106.489106 3.013863 
E -2.555909 2849.133866 8959.432877 12.553214 
F 1178.175451 1112.363688 3.011611 
E -2.536177 3059.281087 8694.850007 12.554048 
F 1134.038183 1118.014601 3.013863 
E -2.518205 3288.897220 8449.577831 12.554857 
F 1089.730098 1123.705047 3.013863 
E -2.502230 3540.559996 8218.283486 12.555667 
F 1089.730098 1123.705047 3.013863 
E -2.502230 3540.559996 8218.283486 12.555667 
F 1044.571870 1129.624475 3.011611 
E -2.488746 3818.076241 7998.367068 12.556514 
F 1000.088496 1135.320234 3.013863 
E -2.479393 4109.995832 7797.296954 12.557335 
F 955.622481 1141.149969 3.011611 
E -2.475621 4418.403149 7611.847610 12.558157 
F 955.622481 1141.149969 3.011611 
E -2.475621 4418.403149 7611.847610 12.558157 
F 911.673377 1146.894930 3.011611 
E -2.480014 4737.242929 7444.844343 12.558954 
F 867.190002 1152.590689 3.013863 
E -2.497807 5069.626938 7293.837728 12.559775 
F 822.723988 1158.420424 3.011611 
E -2.538709 5405.783844 7165.697676 12.560596 
F 778.240613 1164.116183 3.013863 
E -2.622996 5732.333180 7072.002918 12.561417 
F 733.774599 1169.945919 3.011611 
E -2.787405 6017.665419 7042.614034 12.562238 
F 733.774599 1169.945919 3.011611 
E -2.787405 6017.665419 7042.614034 12.562238 
F 689.133383 1175.781351 3.011611 
E -3.042277 6202.308636 7136.949040 12.563061 
F 644.838223 1181.571548 3.011611 
E 3.013290 6254.022997 7381.758822 12.563871 
F 600.197007 1187.406980 3.011611 
E 2.879934 6225.069698 7727.896326 12.564693 
F 600.197007 1187.406980 3.011611 
E 2.879934 6225.069698 7727.896326 12.564693 
F 555.496302 1192.773238 3.020618 
E 2.810899 6162.398649 8122.839865 12.565591 
F 510.725219 1189.228780 -3.091445 
E 2.784541 6065.359767 8529.690466 12.802943 
F 472.395486 1173.136350 -2.807742 
E 2.791624 5935.520705 8879.463846 14.350454 
F 445.677354 1152.411787 -2.573574 
E 2.817399 5787.622164 9120.665932 15.019678 
F 445.677354 1152.411787 -2.573574 
E 2.817399 5787.622164 9120.665932 15.019678 
F 424.105782 1125.462063 -2.334903 
E 2.855245 5615.467756 9316.414310 15.709379 
F 409.807637 1095.426394 -2.107490 
E 2.899070 5441.453880 9448.977692 16.257450 
F 402.731933 1062.361300 -1.873323 
E 2.947888 5269.875412 9523.983554 16.851110 
F 402.731933 1062.361300 -1.873323 
E 2.947888 5269.875412 9523.983554 16.851110 
F 403.813432 1027.833365 -1.630148 
E 2.999802 5113.812051 9535.798643 17.514555 
F 412.492813 995.531002 -1.400484 
E 3.049757 4993.715891 9484.337586 18.026952 
F 428.151944 966.181897 -1.173071 
E 3.096804 4913.062034 9378.236785 18.506516 
F 449.341495 941.494551 -0.954664 
E 3.137964 4874.132481 9229.044139 18.906133 
F 449.341495 941.494551 -0.954664 
E 3.137964 4874.132481 9229.044139 18.906133 
F 475.937988 921.820312 -0.729503 
E -3.110682 4872.188402 9043.432909 19.346593 
F 506.539742 908.379236 -0.504342 
E -3.086068 4898.258531 8835.985673 19.777478 
F 545.925055 889.964688 -0.448052 
E -3.068283 4951.028144 8577.897526 19.781305 
F 545.925055 889.964688 -0.448052 
E -3.068283 4951.028144 8577.897526 19.781305 
F 586.081197 870.793996 -0.445800 
E -3.062829 5038.712204 8370.096816 19.781818 
F 626.387225 851.532332 -0.445800 
E -3.072814 5162.568508 8227.609231 19.782332 
F 667.008144 832.120187 -0.445800 
E -3.102263 5317.009678 8157.527665 19.782855 
F 706.999282 813.009005 -0.445800 
E 3.130988 5484.029025 8170.309298 19.783361 
F 706.999282 813.009005 -0.445800 
E 3.130988 5484.029025 8170.309298 19.783361 
F 747.620201 793.596860 -0.445800 
E 3.061407 5649.150132 8278.543557 19.783883 
F 788.241120 774.184715 -0.445800 
E 2.981419 5790.539451 8492.475722 19.784406 
F 828.547148 754.923051 -0.445800 
E 2.903664 5896.545230 8810.025109 19.784920 
F 869.168067 735.510906 -0.445800 
E 2.836166 5968.692455 9226.433466 19.785442 
F 869.168067 735.510906 -0.445800 
E 2.836166 5968.692455 9226.433466 19.785442 
F 911.982647 720.303900 -0.355735 
E 2.786491 5996.269667 9729.442320 19.801021 
F 955.589538 709.510057 -0.258916 
E 2.758791 5974.528276 10287.938234 19.820712 
F 1000.035624 702.982163 -0.162097 
E 2.748838 5917.762770 10884.944771 19.840382 
F 1000.035624 702.982163 -0.162097 
E 2.748838 5917.762770 10884.944771 19.840382 
F 1044.721871 700.683714 -0.067529 
E 2.752138 5838.299226 11501.008901 19.858526 
F 1089.774285 702.608055 0.027039 
E 2.765133 5743.898064 12131.235178 19.876701 
F 1133.909014 708.856013 0.123858 
E 2.785044 5642.275387 12753.976099 19.896267 
F 1133.909014 708.856013 0.123858 
E 2.785044 5642.275387 12753.976099 19.896267 
F 1177.281125 719.946922 0.231936 
E 2.810695 5535.538054 13369.582437 19.924737 
F 1217.832546 739.784383 0.423323 
E 2.843153 5424.054131 13952.478067 20.154425 
F 1253.567477 766.800515 0.614710 
E 2.882558 5309.464183 14465.823035 20.381360 
F 1282.607976 796.786572 0.767819 
E 2.923882 5209.248754 14881.566873 20.477592 
F 1282.607976 796.786572 0.767819 
E 2.923882 5209.248754 14881.566873 20.477592 
F 1306.979093 829.760034 0.902916 
E 2.967101 5126.636129 15236.104653 20.537766 
F 1326.295332 865.342859 1.040265 
E 3.011551 5066.094089 15533.184027 20.601381 
F 1340.577097 904.554110 1.188871 
E 3.058878 5029.786256 15777.785081 20.686593 
F 1353.753596 945.440104 1.247413 
E 3.108414 5023.542912 15992.990430 20.690612 
F 1353.753596 945.440104 1.247413 
E 3.108414 5023.542912 15992.990430 20.690612 
F 1367.949302 987.796562 1.247413 
E -3.123858 5050.594905 16233.875811 20.691104 
F 1382.145009 1030.153020 1.247413 
E -3.074079 5107.921265 16513.648554 20.691596 
F 1396.229811 1072.178568 1.247413 
E -3.025886 5189.681217 16829.009543 20.692080 
F 1396.229811 1072.178568 1.247413 
E -3.025886 5189.681217 16829.009543 20.692080 
F 1410.479546 1115.068916 1.249665 
E -2.978050 5293.086858 17187.709641 20.692586 
F 1424.469687 1157.126071 1.249665 
E -2.932526 5408.884675 17574.977915 20.693070 
F 1438.680146 1199.845543 1.249665 
E -2.887835 5536.100497 18003.975562 20.693569 
F 1452.890604 1242.565015 1.249665 
E -2.844818 5668.691557 18467.513879 20.694069 
F 1452.890604 1242.565015 1.249665 
E -2.844818 5668.691557 18467.513879 20.694069 
F 1466.990904 1284.953329 1.249665 
E -2.803884 5802.067597 18960.064245 20.694561 
F 1477.282345 1329.012937 1.328471 
E -2.763235 5940.394397 19463.663504 20.704292 
F 1483.154670 1373.371243 1.423039 
E -2.722598 6083.809557 19933.880312 20.721679 
F 1483.154670 1373.371243 1.423039 
E -2.722598 6083.809557 19933.880312 20.721679 
F 1484.677281 1417.920013 1.519858 
E -2.681504 6232.942643 20366.641725 20.740448 
F 1481.888078 1463.105060 1.616677 
E -2.639200 6389.599990 20767.641723 20.759295 
F 1474.942556 1506.955569 1.711245 
E -2.597242 6546.991320 21122.355901 20.776591 
F 1474.942556 1506.955569 1.711245 
E -2.597242 6546.991320 21122.355901 20.776591 
F 1460.095795 1549.695566 1.877865 
E -2.553757 6711.987972 21414.267070 20.907381 
F 1437.443669 1588.536603 2.067000 
E -2.509499 6881.986817 21594.237583 21.116706 
F 1410.164513 1621.310378 2.231368 
E -2.466904 7048.115278 21656.675166 21.238125 
F 1380.118161 1650.647970 2.343948 
E -2.424651 7215.086210 21639.638069 21.268392 
F 1380.118161 1650.647970 2.343948 
E -2.424651 7215.086210 21639.638069 21.268392 
F 1348.675733 1682.870077 2.343948 
E -2.378795 7396.591817 21610.288612 21.268878 
F 1317.720784 1714.592616 2.343948 
E -0.762224 21621.164855 7575.753269 21.269349 
F 1283.859447 1744.057595 2.413748 
E -0.715464 21642.279275 7755.616561 21.275901 
F 1247.574459 1769.935887 2.506065 
E -0.668721 21633.186117 7931.523276 21.291503 
F 1247.574459 1769.935887 2.506065 
E -0.668721 21633.186117 7931.523276 21.291503 
F 1208.436946 1792.348262 2.605136 
E -0.621111 21580.706317 8105.738041 21.311311 
F 1167.172174 1810.967785 2.701955 
E -0.572994 21483.012648 8275.709034 21.329653 
F 1124.825732 1825.421934 2.796523 
E -0.525089 21344.095257 8437.873406 21.346531 
F 1124.825732 1825.421934 2.796523 
E -0.525089 21344.095257 8437.873406 21.346531 
F 1081.106203 1835.750087 2.893342 
E -0.476630 21162.425440 8593.862286 21.364797 
F 1037.125319 1841.815506 2.987910 
E -0.428351 20941.572556 8740.450422 21.381603 
F 991.545556 1843.712031 3.084729 
E -0.378286 20673.311332 8882.411508 21.399931 
F 947.562789 1841.297280 -3.103888 
E -0.329463 20375.133508 9010.373658 21.416666 
F 947.562789 1841.297280 -3.103888 
E -0.329463 20375.133508 9010.373658 21.416666 
F 902.961732 1834.651323 -3.009321 
E -0.278900 20031.552138 9131.422736 21.433520 
F 858.894907 1823.529494 -2.910250 
E -0.227281 19646.776631 9242.482640 21.453245 
F 816.406307 1808.425126 -2.815682 
E -0.175282 19228.169644 9341.190907 21.470070 
F 816.406307 1808.425126 -2.815682 
E -0.175282 19228.169644 9341.190907 21.470070 
F 776.067766 1789.459014 -2.718863 
E -0.122972 18780.284398 9426.891323 21.488185 
F 737.440708 1766.523924 -2.622043 
E -0.069185 18295.414415 9500.663249 21.506331 
F 700.997703 1739.965865 -2.527476 
E -0.013788 17778.359499 9561.443031 21.523114 
F 667.775935 1710.513843 -2.432908 
E 0.042486 17242.577954 9607.616557 21.539797 
F 667.775935 1710.513843 -2.432908 
E 0.042486 17242.577954 9607.616557 21.539797 
F 636.074174 1678.993992 -2.369863 
E 0.102178 16689.364818 9639.856650 21.544635 
F 603.850215 1647.803789 -2.372114 
E 0.168344 16159.209745 9656.432623 21.545114 
F 571.512815 1616.479948 -2.372114 
E 0.243415 15682.471233 9652.479050 21.545594 
F 571.512815 1616.479948 -2.372114 
E 0.243415 15682.471233 9652.479050 21.545594 
F 539.426092 1585.398928 -2.372114 
E 0.326613 15272.684876 9621.700213 21.546066 
F 507.296237 1554.111795 -2.369863 
E 0.418068 14932.959476 9557.485055 21.546544 
F 475.072279 1522.921592 -2.372114 
E 0.515478 14673.742035 9454.855669 21.547023 
F 442.484201 1491.354931 -2.372114 
E 0.616782 14499.181019 9309.997451 21.547510 
F 442.484201 1491.354931 -2.372114 
E 0.616782 14499.181019 9309.997451 21.547510 
F 413.596205 1456.969822 -2.284301 
E 0.716129 14376.306768 9129.519972 21.560630 
F 388.659072 1420.659297 -2.189734 
E 2.382069 8921.686742 14262.864282 21.577240 
F 366.703178 1381.068809 -2.092914 
E 2.476887 8681.404884 14148.031778 21.595356 
F 366.703178 1381.068809 -2.092914 
E 2.476887 8681.404884 14148.031778 21.595356 
F 348.649883 1339.746882 -1.998347 
E 2.567977 8421.112565 14033.944096 21.612070 
F 332.945651 1297.896214 -1.939805 
E 2.654733 8148.226081 13932.587818 21.616023 
F 316.659888 1256.111215 -1.942056 
E 2.737508 7866.334950 13875.710550 21.616500 
F 300.626320 1214.602710 -1.939805 
E 2.814668 7588.593258 13879.370302 21.616970 
F 300.626320 1214.602710 -1.939805 
E 2.814668 7588.593258 13879.370302 21.616970 
F 284.513547 1172.937784 -1.939805 
E 2.887195 7322.396085 13936.895688 21.617440 
F 268.227783 1131.152784 -1.942056 
E 2.955406 7077.343633 14045.879561 21.617918 
F 252.067968 1089.318915 -1.939805 
E 3.019618 6862.011668 14201.729262 21.618395 
F 252.067968 1089.318915 -1.939805 
E 3.019618 6862.011668 14201.729262 21.618395 
F 235.529709 1046.883185 -1.942056 
E 3.081350 6679.169318 14405.263791 21.618886 
F 219.449778 1005.579866 -1.942056 
E 3.138541 6538.860593 14646.082695 21.619350 
F 203.289962 963.745997 -1.939805 
E -3.089221 6435.192842 14929.861836 21.619827 
F 203.289962 963.745997 -1.939805 
E -3.089221 6435.192842 14929.861836 21.619827 
F 187.051308 921.755562 -1.939805 
E -3.035780 6368.483780 15254.445912 21.620305 
F 170.765544 879.970563 -1.942056 
E -2.984638 6336.249529 15618.046647 21.620782 
F 154.605729 838.136694 -1.939805 
E -2.935481 6333.889114 16020.278785 21.621259 
F 138.951202 797.978520 -1.942056 
E -2.890101 6355.254018 16442.394175 21.621699 
F 136.678599 791.934828 -1.939805 
E -2.883462 6360.167827 16508.564466 21.621710 
F 136.678599 791.934828 -1.939805 
E -2.883462 6360.167827 16508.564466 21.621710 
F 136.678599 791.934828 -1.939805 
E -2.883462 6360.167827 16508.564466 21.621710 
F 136.678599 791.934828 -1.939805 
E -2.883462 6360.167827 16508.564466 21.621710 
F 136.678599 791.934828 -1.939805 
E -2.883462 6360.167827 16508.564466 21.621710 
F 136.678599 791.934828 -1.939805 
E -2.883462 6360.167827 16508.564466 21.621710 
F 136.678599 791.934828 -1.939805 
E -2.883462 6360.167827 16508.564466 21.621710 
F 136.678599 791.934828 -1.939805 
E -2.883462 6360.167827 16508.564466 21.621710 
