D C 365.9 -287.0 1416.8 -457.3 1753.9 256.0 1128.2 569.0 536.9 593.3 894.7 1323.6 
D C 367.4 -288.1 1417.8 -457.6 1756.1 256.3 1128.8 569.2 538.9 595.5 895.2 1324.3 
D C 367.7 -288.3 1419.0 -458.0 1755.0 256.2 1129.2 569.5 539.4 596.0 897.3 1327.4 
D C 367.3 -288.0 1419.1 -458.0 1750.6 255.5 1127.5 568.6 538.7 595.3 895.2 1324.3 
D C 366.6 -287.4 1421.0 -458.6 1753.0 255.9 1127.5 568.6 535.5 591.7 895.8 1325.1 
D C 366.4 -287.3 1415.0 -456.7 1753.9 256.0 1128.3 569.0 536.5 592.8 894.0 1322.4 
D C 366.1 -287.1 1419.3 -458.1 1748.3 255.2 1131.2 570.5 538.2 594.7 894.9 1323.9 
D C 366.2 -287.2 1419.0 -458.0 1751.0 255.6 1130.2 570.0 538.9 595.5 895.8 1325.1 
D C 366.4 -287.3 1418.2 -457.7 1753.6 256.0 1130.2 570.0 537.8 594.3 895.6 1324.8 
D C 367.2 -287.9 1418.7 -453.1 1753.1 255.9 1129.1 569.4 537.6 594.1 894.9 1323.8 
D C 365.4 -286.5 1420.1 -458.3 1752.3 255.8 1131.4 570.5 538.1 594.6 896.3 1326.0 
D C 366.1 -287.1 1418.1 -457.7 1755.3 256.2 1131.0 570.4 537.6 594.1 894.7 1323.5 
D C 366.2 -287.2 1424.2 -459.6 1755.2 256.2 1128.3 569.0 539.2 595.8 895.2 1324.3 
D C 366.5 -287.4 1417.4 -457.4 1751.8 255.7 1129.8 569.8 537.5 593.9 894.5 1323.2 
D C 355.5 -287.7 1404.8 -453.4 1719.0 256.3 1074.5 554.3 516.6 596.1 875.8 1330.5 
D C 315.1 -286.9 1366.5 -459.6 1685.0 246.0 1048.4 553.2 487.1 594.4 844.3 1326.4 
D C 280.5 -281.8 1332.1 -452.6 1641.2 249.9 1000.6 551.7 443.6 587.7 
D C 263.3 -281.2 1293.2 -448.2 1624.5 247.3 988.6 549.1 430.9 585.7 
D C 217.6 -276.7 1238.2 -442.0 1564.4 252.9 938.6 551.8 377.9 589.7 
D C 190.3 -280.6 1203.5 -437.9 1531.5 247.6 901.7 545.2 347.2 592.5 
D C 157.6 -277.7 1178.6 -441.2 1502.8 247.7 872.5 549.6 317.1 594.3 
D C 126.0 -274.6 1147.7 -441.7 1468.4 251.3 833.9 550.7 278.6 594.9 
D C 114.9 -279.3 1120.2 -435.1 1449.0 257.1 821.1 556.9 262.6 598.6 
D C 68.4 -275.8 1074.3 -436.3 1399.6 252.8 771.0 551.0 213.0 602.5 
D C 1036.3 -435.8 1366.9 251.2 739.1 545.5 182.5 596.5 
D C 1004.2 -433.2 1330.6 257.2 702.9 552.8 144.5 602.1 
D C 960.2 -431.8 1301.2 255.7 667.6 548.7 471.5 1320.9 110.2 604.6 
D C -47.1 -288.5 929.5 -421.4 1260.1 255.7 637.4 554.1 435.3 1321.1 79.7 604.4 
D C -77.9 -289.0 900.4 -425.0 1223.5 256.1 602.5 550.3 404.1 1320.9 46.2 606.9 
D C 859.8 -432.0 1179.5 258.2 550.0 544.1 358.2 1329.9 -6.1 609.7 
D C 839.3 -428.2 1154.8 260.2 534.8 548.9 339.5 1325.2 -23.0 610.7 
D C 805.1 -429.6 1128.9 258.0 505.1 544.5 313.5 1324.6 -53.3 614.0 
D C 748.6 -420.3 1075.7 259.8 449.8 545.4 259.3 1330.3 -106.6 611.5 
D C 730.4 -422.0 1057.3 255.4 438.7 545.5 244.5 1318.9 -124.4 613.2 
D C 684.7 -421.2 1005.5 256.0 389.5 543.3 195.6 1325.2 -169.6 618.4 
D C 670.9 -418.4 990.7 258.7 375.6 548.3 178.7 1323.5 -186.1 618.6 
D C 637.1 -416.6 959.4 266.3 341.5 551.4 142.2 1328.6 
D C 602.6 -415.5 923.7 262.5 313.0 549.6 113.3 1327.1 
D C 567.2 -414.6 891.7 262.3 281.0 550.8 81.3 1340.4 
D C 521.0 -408.5 847.2 272.0 231.3 554.7 23.6 1337.9 
D C 508.9 -414.4 831.2 266.8 218.1 551.6 19.5 1335.1 
D C 481.2 -411.9 797.8 266.9 184.9 549.6 -21.7 1346.6 
D C 445.2 -413.0 767.8 267.4 156.0 552.2 -46.3 1340.2 
D C 414.9 -411.8 731.3 267.3 122.0 553.3 -87.7 1343.7 
D C 399.8 -414.1 718.0 270.0 107.9 553.7 -104.4 1345.2 
D C 353.2 -414.0 669.2 273.0 61.2 556.1 -154.7 1348.0 
D C 322.8 -415.7 639.1 272.2 30.2 554.7 -185.4 1357.6 
D C 293.4 -415.9 610.8 275.8 -0.4 557.9 -213.9 1349.4 
D C 260.6 -419.4 578.7 276.4 -31.4 561.2 
D C 216.2 -419.1 533.3 277.2 -78.6 562.3 
D C 202.9 -418.1 519.3 280.1 -97.1 567.6 
D C 159.6 -424.3 470.1 284.2 -140.8 567.8 
D C 144.6 -419.2 454.0 288.0 -157.2 573.1 
D C 112.1 -419.0 422.6 286.6 
D C 67.8 -419.3 374.4 289.0 
D C 51.2 -422.8 355.4 292.2 
D C 5.5 -422.6 308.2 293.9 
D C -10.1 -425.9 290.3 294.3 
D C -37.7 -426.7 256.9 296.5 
D C -85.3 -430.4 203.9 297.7 
D C -101.0 -432.7 187.0 297.8 
D C -145.7 -437.5 136.0 299.9 
D C -164.4 -435.1 125.3 295.4 
D C 110.6 279.8 
D C 86.5 262.5 -518.8 1504.3 
D C 77.7 257.0 -494.7 1525.1 
D C 53.3 238.1 -390.8 1555.0 
D C 43.3 233.4 -362.5 1564.0 
D C 27.7 226.0 -283.1 1595.2 
D C 11.4 220.8 
D C -4.2 218.6 
D C -32.3 221.3 
D C 
D C 117.4 1607.7 
D C 248.7 1584.4 
D C 306.0 1569.7 
D C 489.2 1499.9 -76.5 912.6 
D C 542.3 1476.1 -48.1 908.5 
D C 715.3 1370.8 49.3 903.5 -75.3 1510.3 
D C 818.1 1285.3 105.6 883.8 
D C 865.1 1238.3 135.7 882.3 
D C 988.6 1092.4 221.2 852.4 
D C 1032.2 1040.1 248.6 831.1 
D C 1117.5 873.4 320.0 781.0 
D C 1171.7 763.5 366.9 741.5 
D C 1187.6 698.2 387.3 720.5 
D C 1230.3 501.9 440.7 643.4 
D C 1240.2 444.8 457.3 621.5 
D C 1247.9 237.3 502.6 535.2 
D C 1220.2 106.0 521.1 473.0 
D C 1211.7 45.5 531.6 448.0 595.1 1589.6 
D C 1156.0 -73.7 514.8 392.3 -231.0 1103.9 
D C 1139.9 -100.8 506.2 380.8 -221.7 1110.4 
D C 1080.3 -142.5 472.9 362.7 -238.6 1123.0 
D C 1072.4 -148.2 457.4 359.7 -255.3 1117.1 
D C 1018.4 -147.1 411.1 359.6 -309.8 1129.5 
D C 985.8 -151.7 380.9 356.5 615.0 1487.9 -331.2 1126.1 
D C 965.9 -151.6 363.1 359.2 594.1 1488.7 -343.2 1128.3 
D C 930.0 -154.8 863.4 670.6 315.4 357.2 -399.2 1135.0 
D C 888.3 -153.4 826.6 666.7 283.4 356.9 
D C 852.2 -155.3 794.9 665.7 249.4 357.0 
D C 818.4 -159.5 763.9 659.9 219.3 359.0 
D C 802.5 -164.1 747.3 657.7 205.8 358.8 
D C 759.0 -165.0 699.2 662.7 155.0 359.3 
D C 739.7 -165.5 677.7 662.3 138.5 359.8 
D C 694.1 -168.8 629.9 666.7 93.7 361.2 
D C 666.9 -168.7 593.6 660.0 62.7 362.7 
D C 648.9 -172.6 581.1 658.1 46.8 363.0 
D C 604.1 -174.7 534.2 656.1 -1.4 364.6 
D C 574.5 -173.8 498.3 655.9 191.7 1488.1 -34.1 366.1 
D C 541.5 -174.8 445.0 624.7 -65.9 364.8 
D C 495.6 -210.2 474.3 628.3 -73.1 366.3 
D C 473.1 -234.1 476.0 610.9 -78.1 367.4 
D C 384.8 -299.9 511.6 531.6 419.9 1403.5 -69.9 367.8 
D C 293.0 -356.5 541.2 447.6 574.9 1321.5 -60.2 372.1 
D C 256.9 -376.3 546.1 416.2 620.4 1283.5 -55.6 372.7 
D C 189.1 -402.2 555.4 359.5 -48.6 373.1 
D C 122.1 -424.7 559.2 301.7 790.0 1130.8 -43.0 374.8 
D C 46.9 -444.9 557.7 239.6 875.3 1041.9 -35.9 373.7 
D C 9.9 -446.6 556.6 209.3 -32.5 374.5 
D C -102.9 -453.3 534.3 122.1 999.9 853.2 191.9 1420.7 -22.2 374.9 
D C -177.1 -447.8 512.8 57.3 1054.7 729.6 320.6 1392.6 -10.5 370.5 -322.1 962.7 
D C 489.1 -17.6 1115.9 580.0 474.1 1341.1 11.9 362.0 -224.4 995.7 
D C 456.6 -81.8 1155.2 430.4 611.1 1254.6 32.2 351.8 
D C 389.1 -176.4 791.4 1103.8 57.8 334.8 
D C 362.6 -203.6 1170.1 116.1 855.3 1063.7 66.0 327.9 
D C 300.2 -256.9 1141.0 -44.7 959.6 926.3 79.5 310.3 
D C 231.1 -295.7 1097.5 -193.1 1037.3 790.5 90.2 291.6 
D C 161.2 -329.6 1030.0 -342.9 1109.8 647.9 99.6 273.7 
D C 127.3 -344.9 992.5 -410.2 1128.5 569.1 102.7 264.5 
D C 22.1 -374.4 865.2 -588.7 1188.5 357.5 111.0 238.9 
D C -48.9 -379.9 779.3 -671.2 1169.7 244.8 99.0 227.6 
D C -105.2 -381.1 705.7 -696.0 1143.6 199.3 556.4 696.3 68.8 222.6 
D C 642.2 -720.7 1107.0 151.2 547.6 680.9 41.6 220.8 
D C 589.4 -726.1 1060.3 148.1 507.0 684.6 -6.4 224.8 
D C 571.7 -722.3 1032.2 147.4 485.8 677.6 -22.5 226.8 
D C 542.5 -725.6 999.5 149.0 451.3 685.5 
D C 505.5 -721.4 970.0 147.7 421.5 680.5 
D C 476.9 -722.2 931.7 147.7 388.5 687.1 
D C 443.0 -722.7 899.8 145.5 363.1 685.6 
D C 410.8 -723.9 869.5 148.8 327.3 693.3 
D C 366.4 -721.1 821.4 153.6 276.5 692.9 
D C 351.5 -724.4 799.5 149.5 263.4 690.8 
D C 317.0 -725.7 765.3 150.4 231.6 695.7 
D C 267.0 -723.4 711.3 146.6 182.8 695.5 
D C 251.7 -722.6 697.3 148.2 164.3 694.0 
D C 204.1 -726.8 646.2 147.7 116.8 702.0 
D C 628.6 149.8 101.2 700.4 
D C 156.3 -724.8 594.6 147.5 72.9 701.7 
D C 549.3 150.6 23.2 704.2 
D C 97.3 -729.2 531.3 147.5 3.8 704.3 
D C -15.2 -731.2 502.8 87.6 44.5 698.0 
D C -67.4 -735.7 490.2 53.2 78.7 694.7 
D C -199.4 -722.6 470.4 -30.0 162.1 666.7 
D C -324.0 -691.8 439.5 -99.8 234.4 638.2 
D C 396.5 -175.4 310.9 587.1 
D C 306.5 -270.6 406.4 492.9 
D C 276.9 -301.3 431.4 456.6 
D C 199.7 -344.5 476.0 376.8 -142.1 639.7 
D C 122.9 -374.8 508.3 296.8 -61.8 642.7 
D C 45.6 -397.1 525.8 214.5 7.4 644.1 
D C -78.4 -408.7 527.4 78.6 120.5 618.2 
D C -115.8 -405.0 518.4 40.2 152.6 603.1 -304.7 990.7 
D C 484.3 -79.1 249.3 554.3 -117.9 1027.7 
D C 463.8 -128.0 283.6 523.8 -48.1 1027.9 
D C 418.0 -198.9 331.6 474.7 74.4 1018.5 
D C 342.5 -282.4 369.8 403.6 192.8 989.1 
D C 321.3 -281.9 352.1 403.8 182.7 985.5 
D C 241.4 -305.0 991.2 840.5 326.2 376.3 195.8 972.5 
D C 214.9 -308.6 978.3 829.6 313.6 373.3 183.4 972.3 
D C 179.7 -305.7 951.1 826.8 286.1 376.6 155.5 971.1 
D C 129.9 -302.4 907.0 828.4 235.4 377.5 104.0 971.2 
D C 115.3 -303.6 891.1 829.0 221.2 377.6 92.0 971.7 
D C 67.2 -311.7 838.7 824.6 173.8 377.2 41.1 973.8 
D C 34.1 -313.8 811.1 832.5 141.8 378.7 8.2 970.4 
D C 20.5 -314.7 787.2 823.0 126.1 382.5 -6.7 969.5 
D C -31.5 -322.1 738.0 820.5 74.8 377.5 -60.4 971.2 
D C -46.8 -324.2 722.9 818.8 61.5 376.9 -72.5 973.5 
D C -111.4 -327.9 724.0 771.0 36.1 369.5 
D C 741.6 724.7 28.6 361.1 
D C 747.5 661.9 20.3 352.8 
D C 760.1 617.0 12.6 349.8 
D C 756.5 587.6 6.2 348.7 
D C 768.4 510.8 -5.5 342.6 
D C 773.9 484.2 -7.6 341.0 
D C 761.2 395.7 148.7 928.4 -24.1 337.6 
D C 754.5 340.7 177.8 911.9 -31.4 337.7 
D C 757.5 292.8 217.4 893.9 -26.0 334.7 
D C 758.4 175.8 300.9 851.1 -20.6 331.0 
D C 739.8 101.0 345.1 820.6 -21.3 326.0 
D C 721.7 29.3 391.1 778.4 -19.0 321.7 
D C 686.2 -45.9 427.1 734.0 -17.8 318.0 
D C 673.7 -76.3 444.4 712.7 -18.8 317.4 
D C 613.7 -185.7 502.8 629.1 -15.5 310.7 
D C 570.4 -252.3 529.1 581.0 273.9 1404.8 -15.3 307.3 
D C 515.2 -279.0 516.9 550.4 -36.6 302.9 
D C 467.6 -314.0 513.2 523.5 -56.6 302.8 
D C 439.2 -323.1 504.1 514.2 307.5 1231.6 
D C 384.5 -329.1 456.8 507.8 
D C 368.2 -329.2 438.4 512.2 279.1 1364.8 
D C 318.3 -331.8 388.0 510.8 230.4 1358.8 
D C 282.4 -333.0 356.5 510.3 205.5 1363.3 
D C 266.0 -331.8 340.6 514.0 184.9 1368.8 
D C 212.9 -333.4 290.6 513.8 
D C 163.7 -332.2 237.3 514.9 
D C 145.2 -332.4 220.1 519.0 
D C 110.9 -338.4 204.0 511.3 83.5 1375.2 
D C 52.8 -354.4 203.3 496.2 148.4 1347.3 
D C -0.9 -368.3 200.3 480.5 197.5 1338.2 
D C -88.2 -367.6 192.5 453.7 284.2 1307.9 
D C -113.8 -368.0 190.9 446.2 
D C 187.1 433.8 
D C 178.8 421.4 -540.9 1552.9 
D C 190.3 396.8 -400.2 1592.8 
D C 194.2 386.5 -347.8 1612.6 
D C 196.8 353.1 -158.2 1645.0 
D C 200.8 324.3 
D C 185.8 308.3 69.2 1637.7 
D C 776.5 896.0 155.9 300.9 104.0 1630.5 
D C 777.1 874.7 141.9 298.2 125.5 1649.4 
D C 743.0 857.3 90.9 297.0 104.4 1637.2 
D C 770.0 800.0 74.5 286.9 
D C 795.6 735.7 59.0 275.5 
D C 798.7 677.3 39.0 270.0 
D C 806.2 650.3 26.3 268.7 -379.0 1415.8 
D C 819.3 574.2 470.6 1521.7 -1.0 265.3 
D C 502.3 1305.1 -29.8 267.2 
D C 818.4 461.1 596.8 1443.8 
D C 816.1 399.1 663.2 1404.8 
D C 802.0 341.6 712.9 1366.3 
D C 784.8 284.2 763.9 1303.7 30.7 1479.6 
D C 769.6 213.6 831.3 1221.6 112.1 1473.6 
D C 751.4 191.3 851.4 1210.9 134.6 1469.9 -134.5 815.8 
D C 730.7 136.6 898.9 1139.1 206.2 1459.2 -109.6 821.5 
D C 698.9 84.6 945.2 1083.9 266.8 1438.9 -84.6 826.4 
D C 667.8 39.5 968.2 1012.3 322.1 1418.8 -66.9 829.3 
D C 623.9 -22.5 1018.2 924.2 408.2 1379.8 -36.7 838.8 
D C 604.8 -49.8 1024.2 868.5 448.0 1373.7 -15.9 828.3 
D C 569.9 -87.7 1039.2 802.0 495.0 1334.8 -3.2 833.5 
D C 528.8 -128.6 1061.0 729.1 553.5 1293.9 27.4 829.4 
D C 494.6 -161.3 1074.1 662.9 596.7 1254.1 47.5 824.2 
D C 426.7 -203.0 1064.1 578.2 631.1 1209.5 52.0 816.3 
D C 410.9 -201.8 1046.1 589.4 613.4 1211.6 34.8 824.9 
D C 382.0 -200.8 1010.1 589.7 581.8 1213.1 1.9 817.4 
D C 963.3 586.4 527.2 1211.7 -46.1 822.9 
D C 317.5 -199.4 942.4 581.6 511.1 1215.3 -61.5 825.7 
D C 267.6 -198.1 890.9 584.5 461.8 1211.0 -110.9 830.7 
D C 869.7 585.9 447.6 1218.3 -126.8 832.6 
D C 819.1 581.5 392.4 1215.8 -174.6 834.1 
D C 785.7 579.9 366.9 1212.6 -203.3 841.7 
D C 792.0 551.4 395.5 1200.2 -181.9 843.1 
D C 800.4 490.6 454.8 1170.9 -154.6 855.8 
D C 792.5 443.4 483.8 1140.6 -134.4 865.1 
D C 784.9 357.3 549.0 1076.1 -92.1 873.7 
D C 775.3 324.6 574.9 1054.0 -75.9 873.5 
D C 764.3 268.8 609.6 1011.8 -51.9 878.8 
D C 723.3 264.4 565.6 1014.7 -92.9 881.4 
D C 703.0 261.9 551.7 1011.4 -109.9 885.5 
D C 651.0 267.9 499.9 1018.3 -162.6 884.8 
D C 632.2 264.7 483.5 1016.1 -182.2 898.1 
D C 598.3 268.0 446.7 1018.3 -215.8 893.5 
D C 549.6 268.8 398.1 1015.7 -262.9 893.8 
D C 536.7 268.6 384.9 1018.6 -276.3 898.5 
D C 487.7 270.9 332.8 1020.4 
D C 455.1 267.6 300.5 1015.8 
D C 437.1 269.8 287.7 1018.4 
D C 389.4 272.9 234.9 1020.3 
D C 371.5 274.2 215.7 1022.9 
D C 327.5 274.3 170.9 1027.0 
D C 310.7 275.2 152.4 1032.5 
D C 275.3 277.4 116.5 1029.2 
D C 235.8 273.8 85.5 1039.1 
D C 239.4 276.3 87.5 1025.0 
D C 240.3 277.3 87.4 1024.3 
D C 239.5 276.3 87.1 1020.1 
D C 238.7 275.4 87.5 1025.5 
D C 238.5 275.2 87.6 1025.8 
D C 239.0 275.8 87.5 1025.0 
