F 1850.000000 1897.000000 3.717551 
F 1850.000000 1897.000000 3.717551 
F 1850.000000 1897.000000 3.717551 
F 1850.000000 1897.000000 3.717551 
F 1850.000000 1897.000000 3.717551 
F 1850.000000 1897.000000 3.717551 
F 1850.000000 1897.000000 3.717551 
F 1850.000000 1897.000000 3.717551 
F 1850.000000 1897.000000 3.717551 
F 1850.000000 1897.000000 3.717551 
F 1850.000000 1897.000000 3.717551 
F 1850.000000 1897.000000 3.717551 
F 1850.000000 1897.000000 3.717551 
F 1829.218582 1883.504389 3.717551 
F 1792.046186 1859.364353 3.717551 
F 1754.410416 1834.976719 3.715557 
F 1716.603804 1810.531874 3.715557 
F 1716.603804 1810.531874 3.715557 
F 1679.090265 1786.276523 3.715557 
F 1641.454495 1761.888889 3.717551 
F 1603.818725 1737.501254 3.715557 
F 1566.182955 1713.113620 3.717551 
F 1566.182955 1713.113620 3.717551 
F 1528.547185 1688.725986 3.715557 
F 1490.911415 1664.338351 3.717551 
F 1490.911415 1664.338351 3.717551 
F 1453.275645 1639.950717 3.715557 
F 1415.639875 1615.563083 3.717551 
F 1378.004105 1591.175448 3.715557 
F 1340.368335 1566.787814 3.717551 
F 1302.732565 1542.400180 3.715557 
F 1302.732565 1542.400180 3.715557 
F 1265.096795 1518.012545 3.717551 
F 1227.461025 1493.624911 3.715557 
F 1189.654412 1469.180066 3.715557 
F 1189.654412 1469.180066 3.715557 
F 1152.140874 1444.924715 3.715557 
F 1114.505104 1420.537081 3.717551 
F 1076.869333 1396.149446 3.715557 
F 1039.062721 1371.704601 3.715557 
F 1039.062721 1371.704601 3.715557 
F 1001.549182 1347.449250 3.715557 
F 963.913412 1323.061616 3.717551 
F 926.277642 1298.673982 3.715557 
F 926.277642 1298.673982 3.715557 
F 888.641872 1274.286347 3.717551 
F 851.006102 1249.898713 3.715557 
F 813.199489 1225.453868 3.715557 
F 775.099802 1200.819527 3.715557 
F 775.099802 1200.819527 3.715557 
F 737.464032 1176.431893 3.717551 
F 699.828262 1152.044259 3.715557 
F 662.192492 1127.656624 3.717551 
F 662.192492 1127.656624 3.717551 
F 624.556722 1103.268990 3.715557 
F 586.920952 1078.881356 3.717551 
F 549.285182 1054.493721 3.715557 
F 549.285182 1054.493721 3.715557 
F 511.649412 1030.106087 3.717551 
F 474.013642 1005.718453 3.715557 
F 436.524750 981.106282 3.729517 
F 400.601579 954.870044 3.815271 
F 400.601579 954.870044 3.815271 
F 366.632953 925.343139 3.899031 
F 335.407826 893.172223 3.984786 
F 307.128308 858.607935 4.068546 
F 281.839653 821.798900 4.152306 
F 281.839653 821.798900 4.152306 
F 259.844439 783.133347 4.238060 
F 240.949917 742.092163 4.323814 
F 225.994642 700.568246 4.409568 
F 214.384758 657.263525 4.491334 
F 214.384758 657.263525 4.491334 
F 207.933181 612.225857 4.648883 
F 208.877590 567.791649 4.818397 
F 216.916665 524.782294 4.975946 
F 216.916665 524.782294 4.975946 
F 230.209132 486.021167 5.109563 
F 249.089126 448.480019 5.247168 
F 272.410558 414.361442 5.376797 
F 272.410558 414.361442 5.376797 
F 299.860492 383.701841 5.508420 
F 330.413128 357.177586 5.628077 
F 365.584190 333.866845 5.767677 
F 402.959140 315.826658 5.899300 
F 402.959140 315.826658 5.899300 
F 442.047201 302.956787 6.030923 
F 482.842392 295.345312 6.166534 
F 524.289798 293.236321 0.014972 
F 524.289798 293.236321 0.014972 
F 568.765712 294.567831 0.044886 
F 613.565006 296.624808 0.046880 
F 658.364300 298.681784 0.044886 
F 702.642657 300.670598 0.044886 
F 702.642657 300.670598 0.044886 
F 747.441951 302.727574 0.046880 
F 792.413488 304.837398 0.046880 
F 837.733641 306.963578 0.046880 
F 882.532935 309.020554 0.044886 
F 882.532935 309.020554 0.044886 
F 927.332229 311.077530 0.046880 
F 971.606532 313.154644 0.046880 
F 1016.578068 315.264468 0.046880 
F 1016.578068 315.264468 0.046880 
F 1061.200988 317.357937 0.046880 
F 1106.172524 319.467761 0.046880 
F 1150.795444 321.561231 0.046880 
F 1195.766981 323.671055 0.046880 
F 1195.766981 323.671055 0.046880 
F 1240.194492 326.155118 0.064829 
F 1285.114332 331.012050 0.150583 
F 1328.605023 341.028538 0.302149 
F 1328.605023 341.028538 0.302149 
F 1370.086804 357.929987 0.471663 
F 1405.775280 379.442247 0.613257 
F 1438.122943 405.444409 0.740892 
F 1438.122943 405.444409 0.740892 
F 1466.504945 435.003225 0.870520 
F 1490.753128 467.608463 0.992172 
F 1511.114797 503.771118 1.123795 
F 1524.452195 538.237225 1.279349 
F 1524.452195 538.237225 1.279349 
F 1532.071305 574.039672 1.442880 
F 1533.833013 610.603403 1.602423 
F 1529.763581 646.982652 1.761966 
F 1529.763581 646.982652 1.761966 
F 1519.387664 683.350478 1.935469 
F 1503.259065 716.787893 2.104983 
F 1482.111502 746.665086 2.268515 
F 1455.197628 775.464701 2.376206 
F 1455.197628 775.464701 2.376206 
F 1422.637740 806.809338 2.374212 
F 1390.580708 837.669888 2.376206 
F 1358.367080 868.619359 2.376206 
F 1358.367080 868.619359 2.376206 
F 1325.555765 900.206039 2.374212 
F 1293.247305 931.308633 2.376206 
F 1260.938845 962.411226 2.374212 
F 1260.938845 962.411226 2.374212 
F 1229.038189 993.182584 2.374212 
F 1196.729729 1024.285178 2.376206 
F 1164.421270 1055.387771 2.374212 
F 1132.112810 1086.490364 2.376206 
F 1099.804350 1117.592958 2.374212 
F 1099.804350 1117.592958 2.374212 
F 1067.401321 1148.848904 2.374212 
F 1035.249479 1179.862557 2.374212 
F 1002.846451 1211.118503 2.374212 
F 1002.846451 1211.118503 2.374212 
F 970.319100 1242.244877 2.382189 
F 935.718450 1270.432911 2.533755 
F 899.636424 1289.318529 2.785035 
F 867.593190 1297.598037 2.992440 
F 867.593190 1297.598037 2.992440 
F 833.835087 1299.065927 3.203835 
F 801.690278 1293.780961 3.405257 
F 770.802943 1281.894345 3.612663 
F 770.802943 1281.894345 3.612663 
F 742.517972 1263.412934 3.828046 
F 719.424691 1240.191651 4.031463 
F 701.566220 1212.946566 4.232886 
F 689.657620 1183.370265 4.426332 
F 689.657620 1183.370265 4.426332 
F 683.654387 1151.527979 4.625760 
F 684.082950 1118.779120 4.825189 
F 690.047800 1075.744536 4.875046 
F 690.047800 1075.744536 4.875046 
F 697.297537 1031.841595 4.877040 
F 704.619652 987.773759 4.877040 
F 711.998970 943.361642 4.877040 
F 719.263880 899.638086 4.877040 
F 719.263880 899.638086 4.877040 
F 726.643199 855.225969 4.877040 
F 734.022517 810.813852 4.877040 
F 741.344631 766.746016 4.877040 
F 748.723950 722.333899 4.877040 
F 748.723950 722.333899 4.877040 
F 757.936782 677.921409 4.956812 
F 770.640764 634.926232 5.042566 
F 786.980566 593.177134 5.128320 
F 786.980566 593.177134 5.128320 
F 806.719187 553.117079 5.212080 
F 829.919967 514.549871 5.295840 
F 855.995257 478.509704 5.381595 
F 855.995257 478.509704 5.381595 
F 885.341500 444.851685 5.477320 
F 918.984259 415.278693 5.646835 
F 956.836998 391.987904 5.816349 
F 995.075923 375.864416 5.951960 
F 995.075923 375.864416 5.951960 
F 1034.390868 364.924556 6.071617 
F 1074.218685 358.874933 6.193269 
F 1115.707655 357.874647 0.041706 
F 1158.531719 360.775353 0.093558 
F 1158.531719 360.775353 0.093558 
F 1203.008353 364.948674 0.093558 
F 1247.484987 369.121995 0.093558 
F 1291.614147 373.262712 0.093558 
F 1291.614147 373.262712 0.093558 
F 1336.607752 377.529806 0.095552 
F 1380.728566 381.758521 0.095552 
F 1425.544197 386.053830 0.095552 
F 1470.359828 390.349139 0.095552 
F 1470.359828 390.349139 0.095552 
F 1514.828051 394.611151 0.095552 
F 1559.630436 400.489098 0.165352 
F 1603.333863 409.677766 0.249112 
F 1603.333863 409.677766 0.249112 
F 1645.934868 422.482797 0.334866 
F 1687.931180 439.146877 0.420621 
F 1727.585990 458.917463 0.504381 
F 1727.585990 458.917463 0.504381 
F 1765.255276 483.498744 0.651958 
F 1798.334116 513.443951 0.819478 
F 1824.925050 546.425849 0.965061 
F 1847.015541 581.985542 1.064775 
F 1847.015541 581.985542 1.064775 
F 1868.837267 621.364505 1.064775 
F 1890.320672 660.132942 1.064775 
F 1910.831817 700.006003 1.126598 
F 1928.290891 740.921835 1.208364 
F 1928.290891 740.921835 1.208364 
F 1942.386850 783.664017 1.296112 
F 1952.766731 827.637189 1.381866 
F 1959.310183 871.814156 1.465626 
F 1959.310183 871.814156 1.465626 
F 1962.101134 916.559960 1.551381 
F 1961.105821 960.858824 1.635141 
F 1956.233316 1006.127901 1.720895 
F 1947.845460 1049.281421 1.804655 
F 1947.845460 1049.281421 1.804655 
F 1935.591726 1092.589061 1.888415 
F 1919.550817 1135.013178 1.976164 
F 1900.085594 1175.594095 2.059924 
F 1900.085594 1175.594095 2.059924 
F 1877.520632 1213.929938 2.145678 
F 1851.553071 1250.476650 2.231432 
F 1822.471712 1284.827491 2.315192 
F 1791.112293 1316.131914 2.398952 
F 1791.112293 1316.131914 2.398952 
F 1757.376968 1345.406423 2.454792 
F 1722.726504 1373.876641 2.452798 
F 1687.969725 1402.492314 2.452798 
F 1687.969725 1402.492314 2.452798 
F 1653.482378 1430.886160 2.452798 
F 1618.831915 1459.356378 2.454792 
F 1584.181452 1487.826595 2.452798 
F 1549.155240 1516.664095 2.452798 
F 1549.155240 1516.664095 2.452798 
F 1513.460122 1543.794401 2.530575 
F 1476.428747 1567.485320 2.614335 
F 1436.444630 1588.524619 2.700089 
F 1436.444630 1588.524619 2.700089 
F 1394.983066 1606.035885 2.783849 
F 1352.752575 1620.586698 2.835701 
F 1310.001402 1634.134580 2.833706 
F 1267.582923 1647.577030 2.835701 
F 1267.582923 1647.577030 2.835701 
F 1224.984654 1661.029728 2.835701 
F 1182.233481 1674.577609 2.833706 
F 1139.482308 1688.125490 2.835701 
F 1139.482308 1688.125490 2.835701 
F 1096.065746 1701.884233 2.833706 
F 1053.826980 1715.316095 2.833706 
F 1011.075806 1728.863976 2.835701 
F 1011.075806 1728.863976 2.835701 
F 968.144739 1742.421774 2.835701 
F 925.393566 1755.969655 2.833706 
F 882.642392 1769.517536 2.835701 
F 841.554689 1782.538262 2.833706 
F 835.399851 1784.488735 2.835701 
F 835.399851 1784.488735 2.835701 
F 835.399851 1784.488735 2.835701 
F 835.399851 1784.488735 2.835701 
F 835.399851 1784.488735 2.835701 
F 835.399851 1784.488735 2.835701 
F 835.399851 1784.488735 2.835701 
F 835.399851 1784.488735 2.835701 
